# VERTEXES
v 0 -10 10
v 1 10 10
v 2 10 -10
v 3 -10 -10
v 4 -10 20
v 5 -6 20
v 6 -6 16
v 7 -3 16
v 8 -3 20
v 9 10 20
v 10 -10 30
v 11 1 30
v 12 1 26
v 13 5 26
v 14 5 30
v 15 10 30
v 16 -10 40
v 17 10 40
v 18 10 27
v 19 10 24
v 20 25 27
v 21 25 15
v 22 20 15
v 23 20 24
v 24 25 12
v 25 20 12
v 26 25 -1
v 27 20 5
v 28 25 -5
v 29 20 -5
v 30 10 -5
v 31 10 5
v 32 50 -1
v 33 65 30
v 34 80 30
v 35 95 12
v 36 95 -5
v 37 58 -30
v 38 52 -30
v 39 50 -5
v 40 54 -64
v 41 56 -64
v 42 45 -64
v 43 45 -70
v 44 62 -70
v 45 62 -64
v 46 50 -70
v 47 55 -70

# SECTORS
s 0 20 50 6 3 2 30 31 1 0 x x 10 x 1 x
s 1 0 50 8 0 1 9 8 7 6 5 4 0 x 3 2 2 2 3 x
s 2 10 50 4 6 7 8 5 1 1 3 1
s 3 -10 50 12 4 5 8 9 19 18 15 14 13 12 11 10 1 2 1 x 6 x 5 4 4 4 5 x
s 4 10 50 4 12 13 14 11 3 3 5 3
s 5 12 50 6 10 11 14 15 17 16 3 4 3 x x x
s 6 0 15 6 19 23 22 21 20 18 x x 7 x x 3
s 7 5 30 4 25 24 21 22 8 x 6 x
s 8 10 35 4 27 26 24 25 9 x 7 x
s 9 15 40 4 29 28 26 27 x 11 8 10
s 10 20 40 4 30 29 27 31 x 9 x 0
s 11 15 20 4 28 39 32 26 x 12 x 9
s 12 0 70 8 32 39 38 37 36 35 34 33 11 x 13 x x x x x
s 13 10 20 4 38 40 41 37 x 14 x 12
s 14 0 20 8 43 46 47 44 45 41 40 42 x x x x x 13 x x
# PLAYER
p 0 0 0
